[app/ui]
version = 6.5.2
modtime = 1489968020.334722000

[app/launcher]
version = 6.5.2
modtime = 1489968020.349722800
